261
255
185
172
201
178
191
164
211
229
229
196
206
158
302
176
167
139
151
144
149
164
207
142
143
153
182
185
158
180
164
156
156
177
167
189
146
163
152
148
149
273
162
216
102
86
87
90
296
89
86
87
111
136
139
118
76
136
153
114
170
116
191
76
111
106
113
138
166
114
169
81
73
106
106
82
185
74
104
149
105
138
112
107
71
72
72
73
72
101
78
74
72
74
71
72
73
72
71
72
72
72
71
73
85
74
73
73
71
70
71
72
71
72
79
81
140
76
72
89
165
157
158
156
143
141
184
150
172
138
189
189
227
205
151
168
144
157
179
201
196
170
161
166
184
175
167
157
151
155
131
136
131
139
149
144
160
173
181
153
163
238
183
162
158
187
172
231
213
238
184
233
229
184
169
213
241
193
253
203
178
182
237
160
177
195
204
241
201
213
186
157
171
190
154
166
167
148
144
151
142
182
147
135
142
219
148
145
189
166
156
173
565
151
169
301
185
203
121
104
82
123
101
136
139
102
128
134
132
118
126
146
132
107
140
105
104
102
162
118
99
77
146
82
130
101
116
85
106
170
91
111
77
107
79
72
72
126
100
130
80
86
78
76
72
70
71
72
72
72
71
71
71
71
70
71
71
71
71
76
101
122
76
72
71
71
72
71
73
101
71
72
70
71
156
169
155
158
173
259
196
179
195
200
159
151
159
184
185
181
192
172
181
167
170
194
161
193
187
147
150
163
178
168
174
165
172
158
160
170
270
214
180
158
162
175
192
163
169
158
160
172
168
163
163
150
148
164
151
199
175
235
229
204
169
183
175
185
189
179
238
281
189
372
205
196
175
163
227
179
180
160
197
209
178
162
160
170
246
151
149
145
229
181
160
156
162
134
150
150
230
251
112
110
106
95
197
105
85
79
77
93
85
92
115
83
114
78
102
93
74
174
174
80
78
79
143
118
77
108
109
77
104
134
112
109
109
127
109
133
130
78
78
114
125
140
78
78
98
83
75
73
121
105
126
108
81
133
86
77
103
78
96
78
93
80
71
71
71
71
74
71
74
71
73
71
72
73
153
152
143
155
172
267
191
250
159
202
187
156
148
149
155
152
155
203
146
134
171
175
170
168
211
168
154
144
154
132
133
188
175
175
148
136
182
140
227
208
177
140
138
128
134
163
121
139
119
280
157
166
167
163
151
174
144
172
148
194
158
185
152
149
153
172
173
203
178
212
201
170
151
166
131
148
228
159
188
145
147
146
174
147
146
146
171
165
176
141
170
128
125
167
163
145
149
145
138
170
162
154
192
166
156
194
122
73
74
76
271
169
85
68
67
69
71
75
90
86
73
68
101
114
134
108
106
72
113
114
134
110
97
111
128
74
194
161
131
72
115
135
74
76
70
71
74
120
72
68
73
73
119
84
82
81
86
92
90
105
83
109
94
87
116
92
92
99
96
97
135
88
99
212
75
94
158
71
69
72
147
140
153
165
137
148
203
136
153
175
172
149
159
148
137
137
152
158
129
127
133
141
137
141
161
155
140
138
145
140
150
144
151
132
192
170
152
161
139
289
211
170
252
176
309
195
184
320
530
177
172
177
164
145
151
149
151
144
133
178
222
166
147
147
147
171
165
153
143
133
138
140
147
164
152
160
185
243
155
148
163
157
261
217
149
148
150
177
148
154
118
222
119
154
134
150
167
112
142
134
140
143
138
132
140
130
145
107
96
78
89
80
81
96
81
70
96
128
93
122
124
124
105
119
128
118
120
150
77
70
71
90
107
76
93
69
155
74
119
183
156
142
140
158
130
147
129
131
133
146
152
157
144
184
170
180
175
144
173
150
159
142
160
146
143
159
159
139
154
147
150
175
161
170
182
175
140
152
155
159
145
142
229
294
132
126
175
141
131
167
145
129
144
145
141
134
143
134
134
131
131
138
140
131
172
165
185
220
153
150
159
161
139
148
138
145
138
140
137
140
140
138
149
168
143
136
161
142
141
135
129
261
195
149
187
195
210
169
151
131
132
128
135
136
127
172
150
177
183
214
157
144
168
143
157
163
89
148
278
145
173
120
94
108
92
79
87
82
213
86
98
96
81
74
80
79
76
79
81
81
80
90
81
82
83
84
167
157
212
89
100
83
84
113
80
116
129
76
75
73
71
75
75
73
80
84
75
106
74
70
70
83
72
69
71
73
66
68
67
69
183
84
78
76
77
84
114
83
83
162
72
76
99
144
137
161
146
125
142
135
123
172
126
143
125
124
122
126
148
144
141
131
125
183
138
136
131
152
124
165
122
147
126
141
141
157
144
150
163
148
146
136
122
125
144
138
130
135
134
141
136
160
147
124
122
123
125
159
124
137
134
146
151
191
158
134
142
123
170
161
158
150
143
150
144
250
139
144
139
136
143
132
148
166
247
173
249
135
132
136
122
134
117
122
127
129
134
135
175
135
136
132
133
152
160
163
130
131
160
127
127
121
122
129
126
133
128
125
129
137
144
177
151
132
153
102
89
98
129
255
78
123
150
101
132
181
73
181
185
135
68
102
163
189
70
103
168
143
135
183
106
153
80
70
81
77
107
79
67
68
67
69
73
65
67
99
70
68
67
104
74
65
74
71
81
69
67
63
67
65
67
62
67
65
62
62
67
64
65
67
62
67
97
68
70
120
68
68
66
62
117
146
188
171
139
140
167
147
177
217
148
141
139
163
155
150
150
185
181
194
137
152
154
178
156
180
192
140
156
131
162
137
146
135
136
137
152
154
140
137
144
152
198
136
156
150
170
158
146
183
148
160
157
131
187
148
188
143
131
129
155
122
169
161
147
143
135
135
136
134
190
157
215
235
179
136
218
143
191
160
148
131
132
130
138
172
148
174
133
148
139
131
173
146
152
119
131
132
129
124
119
119
119
121
136
162
123
127
168
132
136
221
136
81
116
128
84
137
108
115
120
119
100
146
111
121
99
121
104
111
124
103
152
99
113
105
131
72
131
121
118
124
98
135
104
131
108
127
100
114
75
106
96
67
92
69
66
67
64
64
62
67
62
64
68
63
67
66
64
66
64
67
66
63
67
63
63
66
72
67
69
66
101
71
66
68
66
121
220
138
145
158
130
144
140
151
139
123
129
123
119
116
170
152
154
142
124
137
169
133
162
135
179
167
171
177
214
160
140
144
144
135
138
135
128
132
151
161
158
183
145
199
127
150
128
120
144
173
183
159
140
174
146
182
154
132
119
155
142
134
163
136
132
151
136
202
175
142
188
539
207
172
251
171
142
147
148
155
146
156
136
136
192
185
153
161
144
193
316
140
148
148
201
153
159
138
123
159
209
188
153
229
154
96
70
81
257
91
124
116
103
101
126
126
119
91
116
99
107
110
118
128
124
106
107
114
119
162
74
128
103
120
115
110
109
102
94
129
89
123
70
69
68
64
62
63
63
64
64
65
62
62
68
67
63
66
68
64
68
67
63
67
66
62
64
63
63
63
62
63
62
66
67
64
66
62
65
67
66
63
67
101
170
159
162
144
135
128
133
136
141
163
212
131
147
129
123
122
145
127
142
127
130
134
149
125
130
124
131
130
131
186
171
161
146
135
132
161
136
129
161
154
145
153
194
180
160
272
157
151
127
134
181
129
157
177
144
137
133
160
148
130
129
137
154
147
300
130
138
139
164
153
147
158
158
288
238
159
142
142
127
163
224
161
146
122
127
125
160
381
156
147
140
151
172
194
147
135
137
154
165
165
134
224
144
150
153
124
201
164
296
161
134
169
152
113
113
129
121
126
72
125
129
114
126
133
78
69
73
116
117
105
94
204
72
81
157
120
135
71
94
94
102
131
81
127
97
85
88
72
89
65
67
68
67
92
65
81
90
68
65
70
65
69
69
65
66
66
65
66
62
62
66
62
63
66
64
62
66
63
64
66
63
62
68
61
65
66
64
65
66
67
138
140
127
144
131
155
127
147
217
141
165
175
155
161
146
138
148
142
129
144
135
131
130
142
128
162
151
150
130
125
133
124
128
122
128
145
144
142
274
190
139
163
144
184
141
140
125
138
144
141
132
145
136
124
137
163
157
144
157
130
135
137
126
171
142
146
144
149
152
137
291
146
147
184
244
445
201
135
284
127
131
147
147
176
165
160
141
168
163
134
167
131
130
130
146
131
133
141
130
137
159
182
164
163
145
152
153
177
280
155
73
235
244
83
88
122
127
120
157
114
69
66
129
99
122
117
116
129
88
176
119
127
163
111
126
102
104
130
122
78
72
82
82
129
69
66
62
65
66
66
64
66
63
67
68
62
66
65
62
66
67
63
62
66
64
66
66
62
66
62
66
67
62
66
67
63
65
66
64
66
66
67
63
66
64
66
65
64
137
81
65
68
67
148
140
156
140
138
162
124
127
131
144
143
135
125
125
392
149
139
157
134
136
148
140
129
173
156
141
140
123
124
150
131
128
155
136
136
136
467
179
139
144
141
146
310
135
130
150
139
145
146
146
131
138
169
166
156
148
167
141
128
137
135
142
145
156
143
137
136
142
133
142
150
236
202
282
184
234
236
191
217
181
148
205
152
146
147
143
142
148
145
139
125
128
124
172
149
134
138
129
139
126
275
139
136
146
125
130
143
158
146
129
161
129
82
125
99
159
120
120
129
113
120
105
94
116
132
122
114
123
105
99
102
100
125
95
107
101
128
111
102
97
108
100
128
125
108
99
132
98
97
69
67
83
73
65
68
75
63
67
66
65
66
70
69
62
62
63
64
62
64
85
69
65
65
64
63
66
64
64
70
65
71
66
64
64
63
66
140
76
65
67
64
137
130
127
124
128
128
135
125
140
130
146
130
133
133
129
137
132
128
131
139
128
178
136
168
141
135
178
137
129
130
146
130
128
129
131
133
132
166
149
159
189
165
166
195
161
188
147
139
137
136
129
141
143
127
127
154
136
120
143
156
138
117
148
135
129
136
130
212
142
146
150
139
138
146
135
160
156
156
265
197
157
189
136
123
128
132
124
140
146
139
125
139
166
182
153
129
121
126
163
135
136
124
135
129
144
130
131
145
133
128
131
125
133
146
151
133
180
144
153
119
173
92
112
110
127
119
84
76
104
70
116
114
108
97
106
160
86
93
125
135
95
121
108
137
77
86
122
122
120
119
116
78
66
131
73
100
122
78
82
68
83
65
96
67
70
71
67
65
64
67
66
64
69
62
64
62
63
62
64
64
62
64
66
62
62
66
64
67
69
93
66
67
62
71
71
164
207
158
157
140
143
122
143
156
134
139
133
135
140
118
132
138
143
199
150
152
143
114
137
136
148
132
133
125
141
133
131
120
138
128
135
128
126
138
213
154
130
151
148
133
203
136
129
140
126
128
134
120
138
136
162
148
139
135
129
137
149
157
140
137
142
163
192
157
159
187
145
152
171
184
355
159
224
165
225
144
164
162
142
144
126
149
156
131
132
127
118
288
192
136
171
158
182
152
140
140
125
153
136
129
135
150
127
244
176
182
204
100
140
153
155
175
75
74
86
152
98
89
92
123
108
118
95
128
99
77
98
120
126
129
111
122
127
119
108
117
106
109
118
124
97
125
95
75
65
68
95
102
68
79
72
66
68
69
66
72
70
63
67
65
63
66
63
63
67
63
64
66
66
64
63
63
67
64
66
62
66
65
64
67
63
65
100
78
66
70
77
108
159
148
145
146
140
138
127
145
146
130
137
127
136
150
138
140
150
158
125
129
156
152
164
147
161
164
158
140
141
156
141
132
144
153
132
152
138
176
153
142
135
226
145
127
128
142
145
165
146
142
136
149
158
161
238
264
186
157
161
159
151
147
180
169
161
174
156
195
136
137
142
154
327
175
183
189
179
149
176
129
124
160
135
158
138
133
178
129
138
160
136
151
178
131
148
128
134
135
138
134
142
156
146
152
139
136
148
160
146
193
136
132
92
155
124
128
113
77
79
108
126
120
114
87
106
120
70
68
116
146
101
111
96
101
120
139
74
67
111
70
93
95
81
84
68
65
82
72
65
78
67
63
63
68
63
63
68
63
64
67
63
64
66
68
66
62
64
66
63
63
68
63
62
67
63
62
67
63
67
66
63
64
63
68
65
63
66
65
63
68
110
81
74
66
64
72
65
66
72
67
63
67
65
64
68
62
65
66
63
63
68
64
63
68
65
65
71
102
71
95
99
67
72
67
64
69
63
63
66
63
63
67
64
63
69
62
62
67
64
62
66
65
64
66
63
66
67
64
63
69
66
63
67
67
62
63
148
160
155
146
130
132
157
170
162
209
187
142
183
180
148
164
146
136
154
154
161
178
231
169
139
134
214
169
144
172
151
151
138
134
132
156
164
157
140
141
153
160
171
187
196
244
204
164
155
163
147
134
138
137
140
163
151
136
121
118
159
134
134
137
152
122
170
126
126
133
125
152
144
143
154
203
165
153
133
140
260
161
88
105
109
210
74
71
69
129
118
103
120
126
121
129
100
98
129
95
121
121
78
99
116
113
96
312
119
100
113
98
116
70
93
72
152
77
71
74
71
68
95
119
87
67
69
63
63
66
63
64
67
66
63
68
63
62
68
63
64
66
63
67
66
62
68
70
63
66
63
62
66
63
65
67
63
63
145
67
64
68
64
66
66
62
64
66
62
63
66
64
63
66
65
67
66
64
73
63
64
68
64
63
66
70
62
65
63
62
66
66
68
76
66
65
68
65
65
84
117
77
116
110
173
94
73
67
71
64
64
68
63
64
94
65
64
71
64
171
172
144
155
186
154
166
164
146
187
158
141
127
182
124
123
137
132
141
139
131
135
143
219
176
157
137
169
121
213
153
497
167
175
154
133
143
143
210
138
141
132
131
124
146
139
149
130
128
147
141
162
153
168
142
303
168
153
652
166
283
181
170
167
189
154
160
164
135
117
117
129
116
130
123
172
151
231
162
127
90
82
84
129
87
107
103
103
97
98
97
97
73
99
144
72
93
100
68
100
109
146
94
123
98
127
108
113
125
92
97
87
96
75
68
63
68
67
65
67
68
62
67
65
62
67
66
106
72
69
63
66
66
64
66
66
63
67
66
63
66
66
62
66
66
62
65
68
62
61
63
63
67
70
70
69
72
78
69
65
64
67
75
67
63
67
64
71
67
66
67
74
90
71
67
65
66
71
64
69
66
63
67
67
68
67
66
63
74
67
64
66
67
62
66
68
63
66
66
64
69
67
81
69
68
62
69
64
62
67
72
71
73
72
63
66
68
62
65
66
63
66
66
65
62
63
64
161
195
153
126
124
121
123
139
118
125
121
115
114
137
126
204
133
130
132
127
149
119
145
148
131
138
151
171
124
128
148
155
140
136
134
128
164
153
147
147
154
187
151
158
159
208
213
189
223
184
178
225
237
186
145
158
137
131
142
148
175
201
157
167
154
136
164
149
155
196
161
166
151
152
147
207
192
183
166
143
157
186
205
331
197
205
143
85
93
164
69
133
80
102
73
66
69
70
66
116
126
114
122
129
113
129
115
104
156
117
115
104
130
91
133
118
158
95
99
79
117
102
112
100
65
70
108
68
67
66
63
67
63
67
63
63
64
66
64
66
67
66
63
67
67
62
67
68
62
67
67
63
67
68
62
65
64
68
67
64
67
62
69
100
63
64
66
64
64
66
62
63
65
62
65
68
62
63
62
63
62
64
63
63
62
62
65
63
63
62
64
69
71
70
68
66
67
67
64
69
67
62
66
66
62
66
70
64
69
66
63
66
65
62
66
68
63
73
63
64
66
62
68
66
62
65
67
106
72
75
138
145
129
120
145
150
127
130
130
130
180
166
134
148
197
152
131
172
166
175
144
142
144
188
148
138
150
135
147
171
154
131
142
136
147
174
384
135
147
156
162
135
130
138
160
167
141
273
159
134
152
162
174
177
134
158
150
139
182
151
133
157
129
127
134
125
124
126
132
137
151
168
246
139
154
148
169
158
151
154
163
156
140
129
119
90
128
74
87
77
211
116
126
117
119
124
102
94
124
123
96
107
101
119
99
82
157
74
98
127
160
120
129
124
130
106
68
71
65
66
118
75
75
132
83
69
67
62
66
69
64
67
69
62
65
65
65
67
66
62
66
71
62
66
63
62
63
63
62
67
64
62
61
65
66
65
62
67
66
65
66
66
66
92
69
69
66
66
62
62
64
70
62
65
84
69
81
71
69
66
63
64
65
64
74
66
68
64
62
67
66
66
66
63
67
66
63
67
66
67
63
66
66
62
67
63
66
67
100
68
68
65
67
67
63
66
63
63
65
76
64
67
63
64
65
121
145
158
147
157
142
128
231
139
134
169
146
136
169
151
144
164
156
158
186
148
179
165
165
156
187
137
131
135
154
383
161
147
156
221
174
145
158
162
186
180
140
164
208
187
185
195
213
171
180
128
191
137
133
133
134
241
161
132
139
137
143
132
147
123
129
144
143
164
130
132
132
147
208
172
148
130
181
196
218
158
159
144
217
80
134
87
101
89
105
72
67
105
77
75
104
92
94
105
89
132
84
71
75
82
70
85
81
78
73
80
182
77
88
87
165
81
182
85
80
131
78
92
98
86
81
68
73
73
106
79
73
70
81
81
76
77
76
89
143
89
71
65
69
70
110
114
74
89
98
98
70
103
102
91
142
130
72
67
65
63
67
64
64
62
64
63
63
63
62
64
63
66
64
62
62
69
67
69
69
65
63
65
69
62
68
70
63
67
68
62
67
69
63
66
68
63
67
66
65
65
64
62
63
64
62
65
63
63
64
63
63
63
63
63
69
63
66
67
64
66
107
165
143
134
131
134
141
133
136
141
123
150
135
143
176
153
218
170
157
281
146
150
139
146
144
137
276
133
142
160
142
145
143
137
128
135
134
137
130
157
168
227
158
192
151
142
140
135
167
144
131
127
128
138
249
140
125
131
139
153
300
221
165
157
151
159
151
152
128
134
147
146
143
180
152
149
148
145
134
120
159
144
140
135
130
125
117
99
145
115
76
105
100
102
70
123
76
122
102
90
102
135
123
77
79
65
98
171
146
126
113
107
112
88
106
87
97
61
56
61
60
59
53
50
51
50
51
50
61
58
66
53
53
54
53
52
55
55
52
56
53
54
