304
194
165
204
126
113
99
98
100
190
166
96
82
87
113
82
87
92
93
89
87
90
94
91
89
90
213
116
90
93
89
95
97
119
162
97
89
90
89
88
88
93
90
93
93
91
93
94
88
89
95
86
86
89
89
91
92
92
87
188
127
109
87
86
96
89
93
93
109
133
218
90
106
87
92
265
85
91
89
89
84
89
91
167
86
90
89
89
89
91
109
98
80
81
88
86
88
94
161
103
94
157
151
204
184
177
262
162
130
181
176
155
99
167
174
184
100
179
183
163
173
181
108
169
170
174
268
133
185
124
207
137
120
208
149
150
184
169
159
158
186
180
173
168
187
194
174
156
159
190
194
171
195
116
211
117
115
97
101
152
170
165
160
100
134
198
175
116
87
90
100
98
98
148
90
88
93
103
96
98
94
95
93
103
99
93
92
93
93
92
91
93
92
96
219
126
129
109
133
117
121
124
123
109
334
127
118
97
91
96
97
94
110
101
96
133
171
122
119
116
119
163
85
89
88
99
92
195
102
160
138
89
98
108
93
94
104
214
98
91
90
92
93
90
101
96
97
94
89
238
159
126
121
103
98
205
201
114
162
118
113
85
105
90
93
90
97
90
91
125
98
90
93
174
188
132
97
155
217
181
155
132
117
201
211
172
191
153
236
150
94
171
193
249
241
178
186
175
167
192
179
185
190
183
211
172
196
166
174
160
180
194
175
160
186
96
178
195
154
171
176
158
213
144
181
196
165
167
131
191
167
146
169
175
195
176
177
179
175
187
123
87
88
88
85
96
211
148
102
101
91
94
93
110
117
122
118
121
115
127
219
111
117
102
202
148
160
188
122
102
96
89
126
96
134
96
168
82
90
88
120
138
81
89
83
82
88
85
86
82
82
84
82
86
87
87
93
88
85
95
152
82
82
81
84
84
88
83
85
105
122
76
73
89
98
207
76
168
84
78
85
79
80
78
85
87
86
81
80
85
219
118
106
109
107
103
107
113
118
207
133
106
112
101
103
115
106
226
107
113
112
106
207
118
102
105
118
198
103
87
82
88
79
84
83
85
88
82
84
83
81
85
114
77
80
81
81
81
81
82
85
147
122
101
257
105
115
289
92
154
155
137
192
97
100
137
153
165
130
133
175
99
163
93
96
162
191
102
180
162
163
116
176
180
181
186
185
181
174
152
156
159
159
153
150
126
184
165
156
151
159
210
146
108
172
159
198
107
150
128
132
173
105
172
164
82
162
192
120
155
100
76
75
78
76
84
170
159
182
161
125
165
117
179
176
161
161
160
160
197
156
93
85
83
134
89
138
105
106
103
110
80
93
236
107
101
109
108
234
184
118
85
82
92
208
82
92
86
95
84
85
97
124
76
78
79
84
78
194
113
188
93
88
201
160
161
155
96
77
77
78
80
80
135
145
89
125
77
91
89
241
81
195
96
83
101
83
84
93
144
122
121
162
178
144
109
174
164
150
182
163
146
99
81
247
220
149
129
107
82
89
76
76
75
79
76
81
76
86
100
72
75
79
75
72
73
70
71
75
79
70
73
72
177
239
167
190
160
233
157
171
127
204
188
176
152
148
94
106
201
154
156
228
129
145
154
157
154
172
161
160
158
153
226
221
161
164
176
168
149
118
127
160
194
102
156
209
189
158
155
114
158
163
102
130
145
160
135
128
89
99
91
85
89
130
145
84
110
92
79
78
77
78
76
127
79
83
79
81
78
82
92
79
78
81
81
82
77
131
83
157
162
90
90
90
159
125
88
86
94
159
115
140
85
81
96
75
79
201
108
154
111
114
111
110
113
98
97
111
123
120
93
78
86
77
84
87
124
79
79
78
80
103
120
82
80
80
79
79
80
83
123
111
90
77
86
85
85
102
115
79
79
80
83
89
111
104
131
218
171
175
91
79
82
144
160
86
126
130
112
90
95
91
86
91
92
81
91
92
86
89
79
88
88
78
127
91
104
100
92
99
108
104
109
232
119
113
196
115
108
83
82
85
173
145
93
72
71
75
131
83
145
157
159
160
153
169
150
110
125
96
99
169
138
131
100
92
160
149
150
150
136
87
103
83
185
153
152
146
205
173
222
199
194
128
197
123
152
172
165
154
159
182
165
168
95
200
155
99
99
152
99
168
161
148
139
125
124
112
165
152
99
90
118
117
81
84
79
81
82
83
84
82
149
113
119
81
78
80
85
82
81
117
163
92
112
82
82
85
82
89
89
77
110
118
149
130
126
125
152
157
216
184
203
153
196
189
152
159
139
131
131
150
83
86
143
97
119
99
87
92
86
84
90
108
102
253
111
129
120
117
108
113
118
116
117
110
107
110
92
89
133
181
85
147
95
88
81
84
208
114
79
80
136
89
132
80
83
95
86
81
93
197
83
84
137
78
89
78
87
86
81
84
85
83
122
80
84
82
90
99
81
141
126
165
86
99
133
94
135
126
185
117
92
203
120
93
113
109
118
111
209
151
197
168
130
108
154
130
137
169
151
226
162
170
159
172
158
158
159
175
156
126
169
167
194
255
120
155
164
130
126
173
176
237
182
206
174
228
105
192
180
165
159
153
146
150
143
155
219
110
134
141
144
95
117
116
81
88
101
106
106
103
95
218
101
83
88
97
124
170
127
239
100
94
100
99
87
107
90
89
85
93
118
86
192
160
149
114
97
144
168
163
168
156
135
176
151
132
147
153
124
131
121
147
174
83
76
107
102
154
106
72
80
101
78
78
79
80
83
90
87
89
99
111
76
79
82
78
80
83
102
81
110
125
145
233
93
86
86
80
84
139
137
126
90
86
119
134
162
138
97
146
134
114
109
111
118
116
97
79
95
86
89
89
79
88
89
86
83
85
85
89
107
73
84
79
81
82
88
98
98
85
124
132
88
91
204
104
117
123
141
122
116
109
105
172
83
78
83
87
121
150
159
155
137
159
179
167
157
167
161
177
175
208
176
171
180
158
159
261
178
210
153
160
187
162
414
161
160
178
222
242
204
162
237
190
159
288
175
163
209
179
150
239
169
163
274
133
81
92
178
109
133
216
121
84
88
85
78
83
82
80
94
84
89
120
85
83
84
75
86
94
88
106
103
77
80
74
79
78
86
177
172
138
131
95
77
72
81
72
83
80
93
77
97
89
74
77
76
75
75
74
159
151
151
153
148
152
155
149
154
149
167
150
117
173
108
128
82
78
155
149
158
118
273
115
204
85
141
177
163
112
78
75
164
84
81
79
80
80
74
109
185
109
90
87
81
89
110
170
116
86
86
89
86
149
112
115
101
109
133
101
157
119
106
120
106
80
81
76
89
142
87
79
178
159
157
175
108
96
91
93
210
174
137
162
158
207
221
232
198
206
175
228
104
118
121
82
132
167
116
116
106
157
122
110
136
165
155
149
80
165
181
168
123
174
90
94
197
177
188
148
127
151
151
164
174
130
214
182
138
183
156
150
154
174
135
135
159
192
102
349
193
280
137
134
134
177
150
142
80
105
77
75
106
76
94
77
76
76
75
118
102
74
77
77
91
100
74
79
86
192
112
80
183
122
99
87
83
79
143
147
85
142
120
168
136
119
85
132
92
85
94
80
81
79
77
104
204
90
93
87
83
82
87
192
205
75
82
117
169
151
189
95
203
112
84
180
150
212
72
149
130
90
100
80
79
90
161
163
159
86
79
89
78
79
81
81
76
142
90
88
83
83
77
82
78
84
83
83
210
155
128
83
99
80
77
79
76
86
73
182
175
176
151
159
158
132
88
91
102
82
88
153
98
77
83
200
96
85
80
201
167
242
103
230
215
196
229
157
210
180
159
162
144
163
164
136
144
187
166
150
153
134
135
145
142
89
220
106
149
152
128
180
154
163
120
254
193
156
153
140
142
147
153
141
165
169
189
186
172
150
209
261
238
184
245
215
89
190
159
118
189
88
159
100
72
99
73
73
96
76
79
84
157
129
76
70
77
79
108
115
107
84
175
76
106
73
191
96
109
97
98
87
109
93
83
103
148
82
75
74
73
75
74
81
80
126
76
76
76
136
116
117
123
80
73
74
73
83
72
77
75
76
71
72
88
74
77
123
92
92
71
85
156
137
172
194
213
126
196
237
156
141
217
146
102
77
83
81
80
130
92
77
79
78
80
79
95
102
70
70
240
87
130
80
80
83
77
87
77
97
74
109
84
80
83
84
87
147
107
222
107
107
100
103
106
161
158
141
150
151
124
104
216
208
217
162
204
107
169
163
175
163
270
148
242
148
159
189
165
159
141
150
166
180
160
146
153
147
158
145
113
122
104
141
135
146
143
158
189
195
149
153
193
178
150
152
171
168
151
155
125
164
162
156
162
169
135
141
152
145
82
171
149
124
85
76
225
76
72
148
136
99
95
98
104
152
200
94
97
86
84
82
88
97
96
101
100
103
242
81
118
125
78
75
78
79
79
81
111
78
76
78
86
115
71
72
75
75
83
82
78
81
184
152
153
159
139
146
175
153
152
155
157
84
75
73
75
75
178
104
84
79
81
85
100
119
83
79
78
79
81
109
80
77
80
81
81
127
82
83
82
90
80
115
96
99
90
88
90
227
92
88
90
87
92
88
85
89
90
90
89
93
93
92
138
87
109
95
103
96
102
101
102
98
101
117
104
102
98
155
102
98
91
94
93
101
91
95
97
147
95
93
90
92
91
94
95
94
94
91
95
92
91
94
173
181
163
171
153
152
152
170
160
153
151
162
164
170
171
187
158
177
149
147
158
145
147
171
149
146
139
162
208
217
199
232
169
166
178
193
201
146
164
158
178
169
150
162
170
230
164
169
146
101
76
77
83
74
75
122
122
107
77
77
124
92
74
76
75
74
78
77
122
112
91
92
92
101
95
98
101
97
102
100
93
90
81
95
80
78
80
79
84
78
87
80
81
94
82
82
82
100
102
100
96
94
153
187
96
81
81
83
119
117
156
100
105
104
102
205
85
87
120
92
76
76
81
80
80
78
77
80
78
105
97
76
77
149
78
75
143
112
82
78
76
81
83
80
82
80
170
147
166
145
152
149
160
97
94
150
143
141
101
122
75
86
79
205
169
157
153
147
152
102
90
180
200
130
116
111
107
98
94
91
85
91
123
180
99
95
97
85
113
87
89
89
78
77
77
78
79
75
173
189
147
156
159
212
194
174
180
167
158
160
185
178
189
160
179
173
177
248
152
156
166
152
230
173
161
188
186
183
172
176
158
166
165
159
152
162
189
150
161
155
142
155
145
164
268
165
188
131
167
106
74
82
115
85
73
102
72
72
75
94
81
77
81
77
75
79
97
102
99
86
75
80
80
101
177
169
154
145
98
125
105
100
104
117
111
78
77
78
78
81
81
79
80
82
202
126
109
187
96
165
110
90
93
202
161
159
139
140
97
110
210
222
171
99
126
78
116
82
82
148
155
150
146
146
93
93
104
101
97
96
92
85
83
87
117
102
126
153
149
163
137
159
163
150
87
78
117
155
87
158
153
168
154
160
175
183
160
154
157
167
170
171
124
163
140
130
134
131
151
136
137
136
162
158
157
160
115
118
89
77
152
180
154
150
161
171
162
162
164
171
149
152
164
150
154
153
152
152
157
157
173
145
141
152
152
151
163
150
146
158
162
158
155
152
159
159
157
170
155
166
164
152
156
153
149
162
188
165
154
158
151
165
164
181
172
167
132
98
86
96
195
191
167
173
169
169
183
161
166
129
108
119
106
100
119
105
92
96
119
114
162
194
162
153
155
157
151
157
148
154
150
147
156
165
158
157
147
146
158
154
151
160
155
159
153
155
154
163
169
158
161
158
157
159
153
151
153
147
154
141
155
151
151
152
123
171
149
147
146
147
163
151
120
79
79
82
80
141
134
105
96
98
103
100
108
113
106
109
105
94
199
161
183
150
161
178
203
169
163
175
148
116
181
208
151
150
141
192
157
162
165
167
161
174
173
201
181
181
166
156
149
218
213
191
190
209
174
183
163
172
179
168
190
183
161
186
171
202
191
197
178
193
161
186
162
157
276
199
243
166
173
260
195
155
212
171
103
130
111
111
109
155
104
87
89
83
186
163
167
171
111
120
113
136
109
181
153
147
150
148
154
150
151
152
155
193
138
174
153
162
156
112
167
147
139
158
149
156
127
108
106
119
146
89
86
84
89
98
158
133
96
78
82
85
80
83
114
147
137
143
138
139
176
155
155
186
165
152
147
154
149
145
149
160
148
230
201
99
112
86
104
97
93
145
87
75
73
74
74
75
76
186
154
142
133
138
143
138
148
142
177
153
141
155
163
82
74
76
72
73
156
93
108
79
78
161
154
163
151
177
217
186
219
207
162
159
178
155
176
172
148
169
153
260
169
158
197
171
190
159
174
161
172
181
177
170
144
154
159
341
174
154
168
180
411
181
289
264
177
233
157
154
179
174
173
174
143
153
140
139
124
117
197
167
98
100
147
140
144
146
156
147
203
154
138
142
118
101
98
140
186
105
102
92
97
243
108
144
136
89
140
182
153
156
157
136
130
89
75
91
144
102
83
85
81
84
79
82
81
82
81
81
82
85
83
106
81
85
82
83
85
176
165
153
136
113
159
156
132
144
145
149
154
144
146
154
152
155
142
145
146
148
152
146
147
149
142
146
158
146
139
148
148
155
172
146
155
145
157
190
124
96
77
78
178
160
161
178
163
149
147
142
171
200
179
206
197
176
186
181
191
171
254
158
158
159
155
155
155
190
173
153
153
153
166
145
169
178
239
169
152
249
165
182
209
253
167
146
152
288
176
176
518
189
246
197
161
149
104
92
178
172
179
155
145
148
88
80
78
84
82
87
80
80
78
110
78
82
77
81
80
140
261
104
105
103
100
173
107
107
114
116
109
118
99
89
83
82
106
92
91
81
134
107
186
169
126
177
84
76
105
92
114
74
75
73
76
113
78
137
93
75
79
136
140
83
79
92
74
75
86
82
81
151
146
150
143
145
148
141
140
139
145
140
144
141
145
153
155
147
148
158
187
149
153
207
162
149
147
179
139
147
152
147
151
144
155
143
147
150
138
86
80
86
77
79
80
84
156
147
143
84
74
75
75
80
82
82
80
108
162
92
121
149
173
174
145
174
150
156
182
165
166
162
160
158
161
165
165
160
172
167
156
196
183
165
150
146
148
148
186
152
154
153
218
187
181
448
190
180
227
163
188
179
181
203
159
156
191
185
214
159
254
181
180
173
165
163
222
133
175
159
153
158
155
163
159
160
162
159
152
169
118
181
176
228
183
192
231
169
193
159
251
166
169
167
160
159
156
170
172
157
150
151
179
376
207
177
171
212
159
165
179
224
272
205
191
149
155
167
147
147
119
169
171
140
164
161
97
155
147
193
137
133
137
171
160
150
205
317
153
150
148
216
172
161
179
164
163
184
182
167
223
151
157
162
157
166
160
164
160
160
175
165
170
185
167
163
186
182
169
186
162
170
149
152
160
156
154
172
153
150
189
152
279
279
171
157
204
172
189
159
223
176
188
190
176
172
190
165
263
197
181
160
159
153
203
162
154
150
172
151
159
151
148
157
155
144
184
179
143
153
144
171
158
148
151
164
148
139
145
139
140
143
155
146
144
140
149
153
187
168
160
154
224
171
176
167
168
154
126
289
280
173
219
166
147
158
152
149
151
150
141
135
148
142
141
183
156
171
152
160
153
158
159
150
177
180
170
180
163
174
109
171
167
174
165
151
199
110
103
119
99
157
152
147
147
146
148
150
150
195
204
174
157
202
166
167
162
166
265
189
175
173
163
182
181
204
203
337
173
230
177
180
196
146
204
168
165
210
214
217
167
176
408
176
163
154
164
163
152
190
174
158
139
278
185
186
182
156
269
201
181
165
157
165
153
157
205
161
204
152
177
117
105
114
109
195
171
181
164
187
187
208
204
173
174
171
179
177
161
157
169
168
143
159
159
185
194
174
170
191
157
149
151
136
141
95
88
160
116
105
111
103
170
98
199
176
142
165
144
145
235
145
144
139
145
195
173
159
160
109
123
109
111
109
122
94
181
113
152
157
172
200
183
178
187
167
185
192
196
261
225
174
177
183
172
176
164
165
175
361
189
178
166
164
153
167
159
179
171
164
177
175
161
252
153
173
203
185
154
239
172
173
167
180
203
202
169
229
181
187
155
176
157
174
243
164
159
175
131
173
167
184
161
163
94
187
156
157
175
155
103
80
99
84
80
81
79
82
79
79
82
86
76
82
81
169
160
156
157
151
153
153
158
147
87
93
141
181
112
81
80
85
85
83
79
84
114
101
92
134
163
102
166
172
125
236
85
84
79
79
118
90
86
88
89
87
86
89
89
100
90
88
92
92
92
141
123
99
77
81
79
79
173
108
88
94
87
87
88
89
91
91
136
123
84
87
90
92
194
179
154
158
150
155
150
139
151
150
143
150
145
149
148
139
139
137
140
138
132
133
132
130
125
152
154
146
181
155
171
184
169
201
165
152
167
160
161
162
168
178
161
174
168
155
160
162
206
214
171
214
175
204
267
276
191
165
150
149
158
155
165
168
190
161
155
152
167
199
179
160
240
183
188
163
178
265
221
242
234
181
167
167
192
167
149
136
154
140
96
77
123
87
76
80
78
85
82
81
77
78
80
76
81
80
80
77
86
76
78
77
109
152
140
144
128
152
87
83
82
90
87
127
136
159
149
151
151
93
91
87
83
75
78
82
84
82
81
80
156
139
147
147
81
79
81
82
82
79
84
81
82
86
85
85
202
103
80
80
79
77
162
166
172
138
140
114
85
83
159
76
76
83
78
82
79
148
90
85
82
80
143
177
197
146
191
236
181
151
289
169
143
191
156
147
157
138
143
143
144
134
143
158
124
145
188
147
162
136
143
141
150
171
152
149
161
179
168
179
160
168
153
166
155
193
147
163
147
149
232
170
160
171
154
207
213
162
157
166
147
154
184
172
154
150
145
150
166
149
134
140
145
145
150
145
135
137
146
141
195
166
146
130
149
214
138
92
83
117
113
110
112
120
130
130
128
97
193
112
103
100
99
114
113
104
101
105
109
106
105
109
102
101
101
112
115
94
89
102
86
82
78
69
81
117
120
120
119
84
89
86
84
83
86
