1116
2818
77
73
47
35
37
33
35
51
37
26
35
45
34
31
31
38
33
31
32
32
34
32
32
31
58
38
30
32
37
31
38
39
38
35
35
33
31
30
29
48
32
33
29
31
30
30
31
35
33
32
31
32
30
31
32
34
31
38
40
39
34
31
34
32
32
31
33
34
43
32
34
32
97
38
32
48
33
30
31
29
31
38
37
36
33
31
47
34
24
34
30
28
30
36
32
34
55
38
32
40
38
43
42
42
43
60
41
38
29
46
41
36
36
34
41
39
41
42
42
37
37
40
41
40
46
41
52
40
38
40
39
42
39
43
39
37
41
38
42
40
49
39
39
45
39
38
41
37
47
41
42
39
53
38
36
36
36
39
41
45
39
43
33
44
30
44
44
34
33
32
33
32
29
30
32
34
34
36
35
33
32
40
36
35
34
37
34
34
34
34
34
72
42
40
39
37
40
35
36
35
38
36
46
42
38
35
34
34
34
36
39
38
40
24
35
38
36
35
36
37
34
32
32
36
35
32
44
39
36
35
36
40
33
34
38
38
33
34
33
33
34
33
36
34
34
34
33
44
47
44
45
37
57
79
40
45
29
34
31
31
37
35
35
33
33
32
32
38
36
33
32
50
43
39
39
46
47
43
57
38
41
42
45
45
43
44
57
39
33
41
45
60
54
41
42
47
47
49
48
46
44
44
47
39
44
46
33
36
38
44
34
48
40
42
32
40
37
44
40
38
46
38
40
27
26
46
49
47
48
39
41
39
39
40
39
39
40
38
40
37
34
32
32
31
44
35
37
35
34
32
34
40
33
34
36
37
38
52
41
33
33
42
45
44
37
42
40
36
34
35
38
32
35
41
37
35
36
41
35
43
35
35
33
34
35
35
32
34
31
34
32
34
38
36
35
33
36
95
37
33
34
32
35
35
35
34
33
41
37
38
37
35
33
38
32
36
34
32
31
31
33
30
37
37
35
33
32
32
40
37
38
38
34
35
36
38
41
46
41
41
37
32
38
36
35
41
41
35
37
38
39
39
34
34
38
44
37
33
35
35
35
33
34
34
33
37
35
33
34
32
32
31
33
33
33
33
34
33
35
46
42
38
39
36
35
42
43
44
39
37
43
32
42
38
32
41
42
36
34
35
39
33
43
43
41
35
39
46
42
39
51
49
41
49
42
48
52
40
42
38
43
45
40
59
39
37
36
39
43
45
44
43
38
37
43
37
40
64
42
37
40
41
39
32
27
29
36
26
35
36
32
32
55
36
47
42
43
47
44
46
42
43
46
45
46
50
67
47
39
35
35
36
33
35
35
38
37
32
32
27
37
36
33
35
38
35
44
29
37
33
33
38
38
36
36
36
40
34
33
28
36
38
38
34
36
134
43
98
38
36
34
43
44
41
38
37
35
36
32
33
51
46
37
39
33
37
36
38
38
30
45
35
35
35
36
35
37
40
40
87
44
42
48
62
41
43
39
34
38
55
37
93
29
40
35
43
37
32
36
35
32
32
34
29
34
32
35
34
36
30
27
21
19
19
37
31
25
20
19
19
33
41
54
44
41
45
43
49
39
47
41
45
41
36
36
39
31
44
43
46
44
43
41
42
41
47
42
39
42
43
44
44
50
47
46
41
42
35
47
44
39
46
42
48
54
47
40
40
37
39
45
44
34
40
34
40
44
40
38
34
37
54
36
42
36
47
37
43
32
34
33
46
35
33
30
33
32
37
26
38
36
33
36
32
33
31
39
36
38
46
37
38
37
30
42
35
38
36
42
38
48
38
33
33
34
36
43
39
39
35
40
33
36
36
28
27
76
45
37
39
34
33
31
31
47
38
35
36
31
32
38
41
38
34
34
32
33
33
33
34
38
35
33
35
36
37
53
36
32
34
34
37
31
38
44
80
49
45
44
33
40
33
38
46
36
29
34
38
35
34
33
38
34
33
35
34
33
32
34
32
33
32
33
27
38
36
37
35
29
40
36
41
40
36
58
44
41
35
33
33
33
33
39
34
34
30
28
36
34
40
43
36
39
37
41
43
40
56
40
34
42
41
38
34
34
37
36
36
37
33
35
37
34
44
46
38
38
42
45
50
45
45
39
48
40
63
48
41
57
32
40
36
47
35
40
43
35
37
40
46
111
38
37
48
44
42
27
32
39
37
37
34
38
34
35
33
40
33
35
34
34
38
45
39
32
34
33
34
33
55
38
41
38
39
28
36
32
34
36
34
32
39
42
44
41
40
62
40
40
45
54
45
42
47
31
42
40
45
37
35
38
37
40
41
40
42
36
35
33
47
32
39
33
37
46
38
37
39
37
35
37
36
40
38
35
34
32
57
42
33
41
37
37
47
34
34
40
52
38
35
34
62
32
35
35
37
33
35
39
37
44
50
41
38
34
34
33
33
34
35
33
37
51
36
34
35
36
36
38
36
29
32
41
36
37
36
40
33
37
38
38
34
38
38
34
33
36
35
33
43
42
50
45
39
78
41
64
44
42
41
43
43
43
46
39
40
37
40
102
41
38
40
43
52
57
42
68
76
44
40
45
47
49
43
54
41
68
46
46
44
40
62
42
43
40
31
42
43
43
39
39
35
39
37
38
33
34
39
35
40
39
35
45
35
33
34
36
35
39
38
44
36
33
38
35
35
39
39
33
35
42
33
34
43
41
39
35
36
40
39
39
45
45
47
40
77
40
55
49
40
74
40
52
43
36
35
36
74
25
34
33
33
34
28
33
31
30
35
35
32
40
40
38
33
32
34
31
30
47
36
34
42
39
55
39
32
33
34
36
32
41
35
38
35
28
41
27
40
39
37
34
35
36
38
37
38
42
37
33
33
33
38
33
34
32
33
32
32
32
31
41
36
32
31
32
30
55
38
39
46
29
36
34
41
33
35
39
41
40
37
36
35
34
33
40
32
33
31
32
39
36
43
42
41
43
45
46
43
37
42
42
47
47
46
50
39
45
39
48
42
46
49
50
44
45
46
43
45
46
43
55
55
48
93
43
52
48
42
41
47
46
45
49
80
45
46
41
58
36
38
40
60
41
41
31
35
31
32
32
34
38
37
34
37
43
32
34
35
29
34
31
32
38
39
31
34
35
33
31
76
38
37
39
36
38
36
31
31
32
32
34
53
32
36
35
35
32
34
35
35
34
38
36
31
38
41
36
37
47
37
37
42
42
40
37
41
42
34
32
42
76
37
37
44
58
51
41
43
41
41
32
28
28
38
32
32
32
27
30
31
40
40
37
33
31
33
32
37
44
37
34
31
35
32
38
37
32
39
35
40
34
39
32
32
31
33
28
30
28
39
35
38
36
41
37
40
40
34
39
35
39
37
58
43
47
47
38
76
52
35
46
43
42
43
39
34
31
52
42
34
32
35
36
41
36
39
41
38
41
32
40
40
26
35
41
36
35
38
45
43
38
42
39
41
38
39
39
45
43
46
48
42
41
44
37
37
51
42
43
37
42
53
56
43
37
38
44
38
42
38
37
32
31
30
29
32
35
38
32
34
34
35
33
32
34
31
35
34
32
34
66
36
31
43
39
38
31
31
47
41
35
31
37
37
45
39
37
39
33
39
50
30
36
30
31
39
27
36
35
34
32
33
33
33
44
35
34
39
50
41
57
30
34
51
28
36
41
39
36
32
34
40
35
32
32
34
38
48
46
34
34
32
34
33
31
32
30
37
36
33
35
32
31
31
32
30
34
30
45
45
36
34
32
33
31
31
30
32
34
31
35
43
41
34
36
95
38
34
38
35
33
36
37
36
38
35
38
35
39
37
39
44
40
37
74
47
46
46
37
42
42
48
43
36
38
41
39
46
42
33
36
35
36
36
48
41
32
33
38
37
37
34
42
42
38
40
36
50
46
38
37
39
42
41
34
37
45
49
44
41
40
59
59
55
67
48
42
38
40
30
38
40
49
25
32
42
36
35
38
32
30
35
35
36
35
30
31
30
30
33
40
38
52
36
50
30
33
36
33
34
30
30
37
35
28
30
33
43
28
29
28
26
26
29
30
44
33
27
37
26
38
33
35
38
34
33
34
33
36
35
32
32
35
32
35
34
31
53
34
57
35
32
30
39
38
48
40
46
50
54
44
42
36
48
36
38
38
35
33
31
30
35
32
31
33
31
32
30
34
27
36
38
39
37
32
31
31
31
31
31
27
31
32
33
34
32
33
76
36
38
42
42
36
34
35
38
38
38
33
35
48
40
40
41
52
48
49
71
42
40
37
61
44
59
49
52
49
39
84
38
49
38
31
40
40
44
41
35
43
34
43
37
33
32
43
34
38
46
44
49
42
41
40
46
41
39
74
44
39
39
43
40
36
35
40
39
38
40
40
36
36
41
38
39
37
33
25
38
32
32
38
37
30
32
33
31
44
30
37
40
34
33
32
37
32
32
34
31
28
35
33
81
37
28
25
31
31
32
30
37
31
30
29
45
31
30
29
30
33
34
31
30
32
39
39
42
42
36
41
39
38
38
42
37
31
32
31
32
34
39
39
33
34
33
33
36
35
33
33
33
32
33
32
32
33
32
32
32
34
35
33
33
35
35
34
39
31
30
31
30
42
30
31
30
38
31
29
30
28
30
31
31
32
29
31
32
36
32
32
32
31
35
33
32
32
44
37
36
34
35
36
34
33
32
32
32
31
31
31
35
33
32
35
32
32
34
31
33
32
31
32
31
30
33
31
61
39
49
39
38
37
39
45
42
44
37
41
42
40
49
43
42
43
39
40
38
35
42
46
36
30
34
43
38
46
42
45
44
48
43
45
43
41
42
44
45
39
42
41
40
41
43
40
42
36
36
32
37
33
36
37
33
35
32
35
32
34
33
31
31
32
34
33
55
39
34
33
34
32
30
32
32
33
32
32
33
33
32
32
34
32
31
34
32
32
32
33
33
40
35
35
34
39
37
36
26
35
42
41
34
34
33
33
38
41
37
34
34
35
36
40
37
33
33
33
35
34
32
31
32
31
31
32
30
37
34
31
37
37
36
32
29
36
32
31
32
31
32
32
34
33
42
80
41
35
30
45
44
41
41
41
52
37
52
38
34
33
35
43
37
33
67
61
37
41
35
41
42
39
42
39
34
41
38
34
35
36
44
40
42
40
37
35
37
36
43
33
31
30
39
33
30
28
34
40
33
38
47
52
139
42
41
41
39
41
44
47
45
120
43
41
46
39
40
39
41
49
49
40
45
50
51
45
48
46
48
39
42
37
37
46
43
39
36
42
37
32
35
40
42
40
44
46
42
31
30
40
39
34
44
31
29
29
31
37
35
36
32
32
33
35
35
37
38
34
37
34
33
36
34
36
38
35
35
43
37
33
32
32
40
38
30
33
37
36
30
33
35
34
43
43
36
41
34
41
39
34
37
47
41
42
36
43
38
38
37
61
39
40
42
32
35
36
34
44
36
34
31
32
42
34
29
28
28
29
38
35
37
36
34
40
34
35
34
35
41
42
41
44
35
36
35
42
39
39
40
35
34
41
41
34
34
33
42
39
45
48
55
64
43
40
40
40
45
34
43
41
36
36
35
107
77
36
39
36
34
39
53
41
44
40
47
42
38
40
45
35
35
41
39
36
45
35
42
46
44
44
35
64
38
37
42
38
37
39
39
38
44
38
41
34
41
52
38
41
42
37
39
42
37
40
49
48
36
37
42
41
39
44
43
30
44
40
37
35
45
42
39
42
43
41
39
43
37
40
34
39
37
34
35
43
36
43
42
42
36
43
38
39
41
39
41
33
40
41
38
36
36
41
40
42
38
45
42
36
38
36
37
44
38
40
40
47
43
41
38
42
38
36
37
37
37
34
43
37
38
38
39
37
41
38
35
36
35
36
33
35
40
38
35
35
35
37
43
33
33
34
38
35
43
37
40
37
37
37
46
38
44
38
40
46
49
47
39
45
60
46
44
46
42
40
32
40
36
41
42
40
40
43
43
43
47
40
43
41
37
47
44
44
46
45
44
39
56
40
46
43
42
38
46
38
45
54
37
41
48
44
41
43
37
39
49
50
50
42
40
55
46
50
42
43
44
42
37
37
35
44
41
39
39
36
46
42
37
36
40
38
40
35
43
43
38
38
40
39
42
41
37
35
36
46
45
43
42
40
37
37
38
38
33
33
36
39
39
37
37
37
42
35
35
33
36
42
40
44
34
36
34
34
34
31
40
37
35
37
37
45
35
39
37
36
35
36
37
38
33
35
39
33
38
51
43
40
34
36
36
36
34
38
36
33
35
34
32
31
34
37
35
40
36
32
37
35
48
40
40
36
34
31
45
34
31
33
32
32
36
33
45
38
37
40
41
38
40
37
56
39
42
40
37
42
40
36
40
40
41
72
38
40
38
39
155
55
41
37
40
41
47
46
47
40
39
36
38
47
40
33
38
46
49
41
56
60
44
47
35
41
50
41
37
37
39
34
33
28
35
34
45
40
84
38
39
34
39
41
38
44
46
46
37
36
36
35
37
40
40
33
34
29
31
35
33
41
40
37
41
43
40
55
40
39
37
41
34
33
40
35
35
33
32
33
32
33
35
33
35
33
33
33
33
32
33
33
34
32
33
44
37
40
40
37
42
35
38
34
39
39
39
35
37
41
38
40
35
35
37
35
37
37
36
35
36
37
35
36
37
38
40
37
46
41
38
39
50
48
37
41
34
33
46
45
40
36
35
37
34
34
53
46
47
48
45
44
44
46
47
40
44
49
38
40
42
39
49
42
44
41
37
40
42
43
36
34
48
40
50
44
39
49
47
57
42
38
45
42
44
42
61
55
46
46
38
37
35
34
42
39
35
33
35
36
36
32
32
32
34
35
33
33
30
35
32
31
32
33
34
41
45
36
35
35
32
46
33
33
39
37
38
37
37
33
32
38
30
36
34
34
45
35
44
44
38
43
34
29
39
34
39
38
33
33
49
32
31
37
35
33
31
34
39
31
39
33
31
30
32
35
39
41
44
38
38
36
37
38
36
37
36
35
37
36
34
35
43
34
37
34
45
44
68
46
41
35
33
42
36
34
40
40
39
40
37
37
36
41
36
37
37
34
37
33
41
33
34
34
34
35
31
34
30
31
33
32
35
37
42
31
38
40
35
42
40
41
39
38
35
35
43
39
41
41
41
48
47
44
40
39
31
46
40
40
37
33
32
33
36
33
34
41
41
44
39
53
43
46
44
63
45
49
52
41
45
40
51
55
44
57
58
50
46
43
51
40
44
36
44
37
38
41
39
43
39
43
42
44
36
47
41
54
45
55
46
57
43
47
44
323
54
40
45
42
42
42
40
44
44
64
40
39
41
49
42
48
46
46
41
42
43
94
49
53
42
40
39
50
31
49
44
47
34
41
37
42
39
34
35
39
33
33
33
38
38
38
41
44
40
38
44
41
42
44
39
35
60
47
60
56
38
36
46
37
35
46
41
75
40
37
42
45
38
53
44
43
45
43
47
45
41
37
42
36
38
34
42
38
39
39
45
36
36
43
44
66
64
44
44
49
47
50
45
47
42
47
41
45
51
45
43
38
40
45
42
40
34
41
39
39
37
34
39
41
39
38
41
39
41
36
42
38
39
37
36
36
37
37
39
35
36
37
44
38
38
39
40
42
46
44
44
37
48
42
44
40
54
64
41
64
44
42
44
44
42
41
41
40
39
40
36
37
37
38
37
45
44
43
43
33
34
32
30
31
43
41
42
40
41
38
39
47
40
41
42
36
42
36
32
33
35
44
43
38
37
40
32
36
36
49
44
45
41
43
41
39
38
43
48
38
38
46
49
41
45
52
67
52
43
71
41
50
46
52
46
52
80
72
42
47
123
52
54
42
44
37
40
40
36
43
44
41
34
45
43
45
40
58
50
50
45
36
48
43
41
63
42
45
46
41
44
42
37
35
38
44
41
50
42
43
50
58
42
46
45
46
50
39
45
39
44
42
40
64
44
39
48
39
46
45
39
39
38
38
44
35
35
43
38
38
41
37
40
38
45
48
44
43
45
43
43
36
37
35
124
39
38
36
39
35
37
32
35
36
32
34
40
38
35
39
43
50
47
46
44
40
38
52
48
53
47
44
41
48
39
47
45
39
37
59
49
42
41
41
40
43
40
45
43
44
42
75
43
35
42
40
47
41
42
41
37
44
41
47
135
53
48
50
48
43
61
44
43
51
51
41
43
36
42
44
39
40
39
57
41
37
39
40
39
40
38
38
33
35
35
37
33
32
31
34
33
32
31
27
40
41
38
39
37
38
41
37
41
37
39
62
36
44
40
40
34
34
28
36
34
36
37
38
32
43
42
40
44
43
28
41
38
35
33
43
40
37
35
34
37
35
36
37
40
36
37
35
35
36
37
39
44
38
35
33
34
34
40
39
35
36
38
35
38
36
37
35
39
34
34
33
37
40
55
39
38
40
37
38
37
37
37
38
36
36
38
36
41
37
37
37
35
33
35
35
34
37
37
38
37
40
40
46
44
47
43
44
42
38
42
38
42
45
43
49
45
48
47
52
40
39
48
55
50
48
50
52
44
50
43
42
36
38
34
34
48
42
40
44
42
39
38
40
40
34
46
41
39
37
41
40
56
44
38
51
50
45
43
47
40
40
36
37
38
31
36
43
32
34
34
31
31
32
32
31
33
31
31
31
30
32
31
32
32
32
35
34
34
35
47
38
34
33
36
33
33
39
37
37
34
44
39
40
37
35
37
35
32
32
32
33
33
31
40
36
36
36
35
35
31
34
35
33
34
34
35
32
33
35
39
34
34
33
34
32
29
43
32
37
36
36
32
35
37
27
31
34
33
33
35
37
36
33
34
40
37
44
48
44
39
50
48
43
47
43
44
114
44
42
41
38
33
39
42
34
48
39
41
43
41
40
45
38
43
40
38
39
39
40
96
42
39
44
43
47
38
39
38
37
37
38
35
46
38
51
38
38
38
41
68
40
36
49
40
37
43
38
37
43
36
36
42
32
36
37
36
40
37
36
34
38
37
42
38
39
42
38
42
37
34
38
34
38
32
29
33
36
34
33
35
39
40
33
30
29
37
31
30
25
25
23
26
23
22
32
26
23
23
23
29
29
96
29
26
31
32
27
30
29
25
28
69
29
24
24
28
25
26
